5871,6021.69
5761,5302.5986
5265,5148.101
4794,4822.001
6568,4644.628
7334,5658.581
6679,5736.0435
5485,5175.586
5349,4578.375
4487,4672.9854
5154,4401.9575
6628,5017.6514
4215,5727.9014
3971,4293.671
4207,4533.877
3808,4767.956
4653,4683.2837
7530,5281.694
6678,6499.479
5733,5391.916
5984,4856.467
4607,4996.7114
5909,4302.64
5948,5280.1006
4076,5171.4707
4821,4268.28
3921,4955.5283
4322,4493.425
5194,4940.836
7034,5386.8735
6886,6072.9937
5992,5536.22
5305,4916.111
5441,4614.8604
5637,4818.5166
6915,5010.8027
3989,5665.9277
3720,4022.5117
4156,4349.429
4222,4768.5923
4751,4909.886
6713,5278.3887
6202,6061.0093
5038,5311.258
6118,4666.351
5413,5292.8057
6070,4779.1187
6943,5256.1646
4468,5575.091
3971,4167.339
3674,4339.9824
4019,4429.5513
4713,4851.1733
7125,5304.5557
8189,6313.7065
6073,6220.3135
6683,4723.503
7477,5179.8555
7748,5439.7007
5831,5462.4165
4488,4462.4614
4782,4098.1846
4855,4597.4116
6679,4816.4004
6805,5839.2773
5779,5542.2695
5440,4861.976
5648,4767.381
6106,4929.062
6470,5201.1265
4981,5335.039
3270,4513.983
4229,3949.3943
4079,4809.617
4635,4814.835
6615,5231.266
6307,6069.7114
6099,5399.732
6399,5171.1084
7029,5217.4077
9116,5416.677
6484,6328.6494
5432,4549.9854
5646,4361.295
4277,4703.138
6335,4184.5103
6720,5612.4736
5054,5515.4155
4166,4565.802
5317,4370.0493
6685,5108.259
6971,5711.54
7394,5603.6045
5932,5603.1885
5744,4646.586
5903,4739.61
5194,4925.74
6763,4652.023
5589,5616.747
4978,4779.478
4789,4648.234
5302,4699.578
7257,5047.684
7141,5999.917
7031,5522.115
6149,5322.956
8130,4775.1416
6147,5866.5957
4405,4564.247
4742,4041.8076
4562,4598.272
4312,4653.1724
4582,4775.505
7422,5032.476
7565,6348.99
5934,5797.1025
5755,4761.194
5493,4787.928
5485,4695.893
6462,4864.4185
3687,5443.3413
4639,3967.1301
4552,4886.372
3816,4835.2534
4364,4601.526
6481,5083.116
7360,5991.049
6619,5962.6836
5797,5239.8755
5401,4761.5723
5390,4643.514
6507,4795.341
5083,5458.388
4562,4613.056
4769,4585.3384
4715,4828.6353
4405,4864.3525
6225,4826.49
7669,5762.407
6010,6089.948
6111,4859.299
5019,5026.3096
5377,4436.3516
6647,4867.6562
5837,5564.907
4623,4953.7153
4332,4469.478
4960,4535.3906
4531,4997.534
7024,4830.1523
